Enter a number test: 1        0
2        0
3        0
4        4
5        7
6        6
7        7
8        8
9        9
10       10
11       40
12       38
13       57
14       59
15       71
16       59
17       72
18       76
19       65
20       94
21      107
22      116
23      139
24      146
25      163
26      159
27      172
28      174
29      176
30      171
31      191
32      273
33      272
34      226
35      243
36      233
37      219
38      312
39      324
40      351
41      356
42      390
43      410
44      275
45      422
46      451
47      440
48      416
49      457
50      534
51      420
52      609
53      642
54      670
55      617
56      582
57      632
58      715
59      676
60      706
61      656
62      875
63      849
64      860
65      831
66      878
67      832
68      915
69      970
70      884
71      958
72      993
73     1116
74     1058
75     1112
76     1172
77     1105
78     1228
79     1222
80     1261
81     1148
82     1459
83     1348
84     1504
85     1479
86     1571
87     1548
88     1431
89     1557
90     1582
91     1575
92     1285
93     1878
94     1747
95     1841
96     1899
97     1760
98     1816
99     1431
100     1916
101     2047
102     2065
103     2217
104     2237
105     2218
106     2151
107     2293
108     2233
109     2374
110     2403
111     2326
112     2437
113     2429
114     2547
115     2655
116     2611
117     2281
118     2569
119     2518
120     2712
121     2866
122     2969
123     3042
124     3087
125     3066
126     2876
127     3106
128     3141
129     3163
130     3055
131     3034
132     3377
133     3550
134     3603
135     3583
136     3457
137     3432
138     3307
139     3712
140     3574
141     3803
142     4096
143     3683
144     4008
145     3924
146     4184
147     4149
148     4043
149     4276
150     4049
151     4078
152     3551
153     4420
154     4727
155     4667
156     4666
157     4750
158     3684
159     5005
160     4755
161     4961
162     5064
163     5290
164     5251
165     4978
166     4565
167     5294
168     5615
169     5374
170     5491
171     5546
172     5820
173     5428
174     5835
175     5834
176     5897
177     4534
178     5876
179     5523
180     6282
181     6091
182     6462
183     6650
184     6450
185     6476
186     6511
187     6704
188     6485
189     6931
190     6678
191     6980
192     7144
193     6920
194     7152
195     7020
196     7056
197     6976
198     7190
199     5439
200     7330
201     7556
202     7433
203     7992
204     8141
205     7916
206     7990
207     7882
208     8312
209     7245
210     8167
211     7953
212     8847
213     8646
214     8978
215     8560
216     8715
217     8900
218     8839
219     8698
220     9509
221     8629
222     9352
223     9074
224     9117
225     9257
226     9311
227     9325
228     9529
229     9957
230     9802
231    10123
232    10434
233    10331
234    10279
235    10812
236    10299
237    10370
238    10146
239    10640
240    10288
241    10348
242    10877
243    11210
244    11066
245    11538
246    11412
247    10913
248    10960
249    11699
250    11797
251    11081
252    11803
253    11544
254    12490
255    12171
256    12042
257    12275
258    12196
259    12394
260    11990
261    12285
262    12228
263    13001
264    13339
265    12826
266    13450
267    13169
268    13368
269    12872
270    13594
271    12988
272    13739
273    14052
274    14056
275    13934
276    14109
277    14779
278    14539
279    13882
280    13685
281    14471
282    14992
283    14670
284    15509
285    14545
286    15008
287    15308
288    15316
289    15175
290    15146
291    15519
292    16081
293    16516
294    15790
295    16006
296    16519
297    16165
298    15993
299    16302
300    16146
[0;32;1mChoose your test file between 1 and 4[0m
[1] medium_1_300_0.3
[2] medium_1_300_0.4
[3] medium_1_300_0.2
[4] comlex_1_300_0.5
